var tutorial =
    [
        {
            title:"Square",
            hintTitle:"This one is easy",
            dimension:3,
            grid:
            [
                1, 1, 1,
                1, 1, 1,
                1, 1, 1
            ]
        },
        {
            title:"Little grid",
            hintTitle:"Still warming up",
            dimension:3,
            grid:
            [
                1, 0, 1,
                0, 1, 0,
                1, 0, 1
            ]
        },
        {
            title:"Grid 5x5",
            hintTitle:"This one is the same, but bigger",
            dimension:5,
            grid:
                [
                1, 0, 1, 0, 1,
                0, 1, 0, 1, 0,
                1, 0, 1, 0, 1,
                0, 1, 0, 1, 0,
                1, 0, 1, 0, 1
                ]
        },
        {
            title:"Cross",
            hintTitle:"Lots of void",
            dimension:5,
            grid:[
                0, 0, 0, 0, 0,
                0, 0, 1, 0, 0,
                0, 1, 1, 1, 0,
                0, 0, 1, 0, 0,
                0, 0, 0, 0, 0,
            ]
        },
        {
            title:"Hole",
            hintTitle:"Fire in da hole",
            dimension:3,
            grid:[
                1, 1, 1,
                1, 0, 1,
                1, 1, 1
            ]
        },
        {
            title:"Pyramid",
            hintTitle:"Like an Egyptian",
            dimension:5,
            grid:[
                0, 0, 0, 0, 0,
                0, 0, 0, 0, 0,
                0, 0, 1, 0, 0,
                0, 1, 1, 1, 0,
                1, 1, 1, 1, 1
            ]
        }
    ]
var easy =
    [
        {
            title:"Heart",
            hintTitle: "Attraction",
            dimension: 5,
            grid:
                [
                0, 1, 0, 1, 0,
                1, 0, 1, 0, 1,
                1, 0, 0, 0, 1,
                0, 1, 0, 1, 0,
                0, 0, 1, 0, 0
                ]
        },
        {
            title:"Heart2",
            hintTitle: "Negative attraction",
            dimension: 10,
            grid:
            [
            1, 1, 1, 1, 1, 1, 1, 1, 1, 1,
            1, 0, 0, 1, 1, 1, 1, 0, 0, 1,
            0, 0, 0, 0, 1, 1, 0, 0, 0, 0,
            0, 0, 0, 0, 0, 0, 0, 0, 0, 0,
            0, 0, 0, 0, 0, 0, 0, 0, 0, 0,
            1, 0, 0, 0, 0, 0, 0, 0, 0, 1,
            1, 1, 0, 0, 0, 0, 0, 0, 1, 1,
            1, 1, 1, 0, 0, 0, 0, 1, 1, 1,
            1, 1, 1, 1, 0, 0, 1, 1, 1, 1,
            1, 1, 1, 1, 1, 1, 1, 1, 1, 1
            ]
        },
        {
            title: "Creeper",
            hintTitle: "Ka-Boom!",
            dimension: 8,
            grid:
                [
                1, 1, 1, 1, 1, 1, 1, 1,
                1, 0, 0, 1, 1, 0, 0, 1,
                1, 0, 0, 1, 1, 0, 0, 1,
                1, 1, 1, 0, 0, 1, 1, 1,
                1, 1, 0, 0, 0, 0, 1, 1,
                1, 1, 0, 0, 0, 0, 1, 1,
                1, 1, 0, 1, 1, 0, 1, 1,
                1, 1, 1, 1, 1, 1, 1, 1
                ]
        },
        {
            title:"Rabbit",
            hintTitle: "I'm late, I'm late...",
            dimension: 8,
            grid:
            [
            0, 0, 0, 0, 0, 0, 0, 0,
            0, 0, 1, 0, 0, 0, 0, 0,
            0, 0, 1, 0, 0, 0, 0, 0,
            0, 1, 1, 0, 1, 1, 0, 0,
            1, 0, 1, 1, 1, 1, 1, 0,
            1, 1, 1, 1, 1, 1, 1, 1,
            0, 0, 1, 1, 1, 1, 1, 1,
            0, 1, 1, 0, 1, 1, 1, 0
            ]
        },
        {
            title:"Cup",
            hintTitle: "Tea time!",
            dimension: 10,
            grid:
            [
                0, 0, 0, 0, 0, 0, 0, 0, 0, 0,
                0, 0, 0, 0, 0, 0, 0, 0, 0, 0,
                0, 0, 1, 1, 1, 1, 1, 1, 1, 1,
                1, 1, 1, 1, 1, 1, 1, 1, 1, 1,
                1, 0, 1, 1, 1, 1, 1, 1, 1, 1,
                0, 1, 1, 1, 1, 1, 1, 1, 1, 0,
                0, 0, 0, 0, 1, 1, 1, 1, 0, 0,
                0, 0, 0, 0, 0, 0, 0, 0, 0, 0,
                0, 0, 0, 0, 0, 0, 0, 0, 0, 0,
                0, 0, 0, 0, 0, 0, 0, 0, 0, 0
            ]
        },
        {
            title:"Small boat",
            hintTitle: "Let's sail",
            dimension: 10,
            grid:
            [
                0, 0, 0, 0, 1, 0, 0, 0, 0, 0,
                0, 0, 0, 1, 1, 1, 0, 0, 0, 0,
                0, 0, 1, 0, 1, 1, 0, 0, 0, 0,
                0, 1, 0, 0, 1, 1, 1, 0, 0, 0,
                0, 1, 0, 0, 1, 1, 1, 0, 0, 0,
                0, 1, 1, 0, 1, 1, 1, 1, 0, 0,
                0, 0, 1, 1, 1, 1, 1, 1, 0, 0,
                0, 0, 0, 0, 1, 0, 0, 0, 0, 0,
                1, 1, 1, 1, 1, 1, 1, 1, 1, 1,
                0, 1, 1, 1, 1, 1, 1, 1, 1, 0
            ]
        },
        {
            title: "Apple",
            hintTitle: "It's meant to fall",
            dimension: 10,
            grid:
            [
                0, 0, 0, 0, 0, 1, 0, 0, 0, 0,
                0, 1, 1, 1, 0, 1, 0, 1, 1, 0,
                1, 1, 1, 1, 0, 0, 0, 1, 1, 1,
                1, 1, 0, 1, 1, 1, 1, 1, 1, 1,
                1, 1, 0, 1, 1, 1, 1, 1, 1, 1,
                1, 1, 1, 1, 1, 1, 1, 1, 1, 1,
                1, 1, 0, 1, 1, 1, 1, 1, 1, 1,
                1, 1, 1, 1, 1, 1, 1, 1, 1, 1,
                0, 1, 1, 1, 1, 1, 1, 1, 1, 0,
                0, 0, 1, 1, 1, 1, 1, 1, 0, 0
            ]
        },
        {
            title: "Cherry",
            hintTitle: "Small fruit",
            dimension: 10,
            grid:
            [
                0, 0, 0, 1, 1, 1, 1, 1, 1, 0,
                0, 0, 0, 0, 0, 0, 0, 1, 0, 0,
                0, 0, 0, 0, 0, 0, 1, 1, 0, 0,
                0, 0, 0, 0, 1, 1, 0, 1, 0, 0,
                0, 1, 1, 1, 0, 0, 0, 1, 0, 0,
                1, 0, 1, 1, 1, 0, 1, 1, 1, 0,
                1, 1, 1, 1, 1, 1, 0, 1, 1, 1,
                1, 1, 1, 1, 1, 1, 1, 1, 1, 1,
                0, 1, 1, 1, 0, 1, 1, 1, 1, 1,
                0, 0, 0, 0, 0, 0, 1, 1, 1, 0
            ]
        },
        {
            title: "Flat",
            hintTitle: "It's high!",
            dimension: 15,
            grid:
            [
                1, 1, 1, 1, 1, 1, 1, 1, 1, 1, 1, 1, 1, 1, 1,
                1, 0, 0, 0, 0, 0, 0, 0, 0, 0, 0, 0, 0, 0, 1,
                1, 0, 1, 1, 0, 0, 1, 1, 0, 0, 0, 1, 1, 0, 1,
                1, 0, 1, 1, 0, 0, 1, 1, 0, 0, 0, 1, 1, 0, 1,
                1, 0, 0, 0, 0, 0, 0, 0, 0, 0, 0, 0, 0, 0, 1,
                1, 0, 0, 0, 0, 0, 0, 0, 0, 0, 0, 0, 0, 0, 1,
                1, 0, 1, 1, 0, 0, 1, 1, 0, 0, 0, 1, 1, 0, 1,
                1, 0, 1, 1, 0, 0, 1, 1, 0, 0, 0, 1, 1, 0, 1,
                1, 0, 0, 0, 0, 0, 0, 0, 0, 0, 0, 0, 0, 0, 1,
                1, 0, 0, 0, 0, 0, 0, 0, 0, 0, 0, 0, 0, 0, 1,
                1, 0, 1, 1, 0, 1, 1, 1, 1, 0, 0, 1, 1, 0, 1,
                1, 0, 1, 1, 0, 1, 0, 0, 1, 0, 0, 1, 1, 0, 1,
                1, 0, 0, 0, 0, 1, 1, 0, 1, 0, 0, 0, 0, 0, 1,
                1, 0, 0, 0, 0, 1, 0, 0, 1, 0, 0, 0, 0, 0, 1,
                1, 0, 0, 0, 0, 1, 0, 0, 1, 0, 0, 0, 0, 0, 1
            ]
        }
    ]
var medium =
    [
        {
            title: "Helicopter",
            hintTitle: "Not so \"U\" for a UFO",
            dimension: 10,
            grid:
            [
            1, 1, 1, 0, 1, 1, 1, 0, 0, 0,
            0, 0, 0, 1, 0, 0, 0, 0, 0, 0,
            0, 1, 1, 1, 1, 1, 0, 0, 0, 0,
            1, 1, 0, 1, 1, 1, 1, 0, 0, 1,
            1, 0, 0, 1, 1, 1, 1, 1, 1, 1,
            1, 0, 0, 1, 1, 1, 1, 1, 0, 1,
            1, 1, 1, 1, 1, 1, 1, 0, 0, 0,
            0, 1, 1, 1, 1, 1, 0, 0, 0, 0,
            1, 0, 1, 0, 1, 0, 0, 0, 0, 0,
            1, 1, 1, 1, 1, 1, 1, 0, 0, 0
            ]
        },
        {
            title:"Flask",
            hintTitle:"Witch's util",
            dimension: 8,
            grid:
            [
            0, 0, 1, 0, 1, 1, 1, 0,
            0, 0, 0, 1, 0, 1, 0, 0,
            0, 0, 0, 1, 0, 1, 0, 0,
            0, 0, 1, 1, 1, 1, 1, 0,
            0, 1, 1, 0, 1, 1, 1, 1,
            0, 1, 1, 1, 1, 1, 1, 1,
            0, 1, 1, 1, 1, 1, 1, 1,
            0, 0, 1, 1, 1, 1, 1, 0
            ]
        },
        {
            title: "Moose",
            hintTitle: "He loves the cold",
            dimension: 15,
            grid: [
                1, 0, 0, 1, 0, 0, 0, 0, 0, 0, 0, 1, 0, 0, 1,
                1, 1, 0, 1, 1, 0, 0, 0, 0, 0, 1, 1, 0, 1, 1,
                1, 1, 0, 1, 1, 0, 1, 0, 1, 0, 1, 1, 0, 1, 1,
                0, 1, 1, 1, 1, 0, 1, 0, 1, 0, 1, 1, 1, 1, 0,
                0, 0, 1, 1, 1, 1, 0, 0, 0, 1, 1, 1, 1, 0, 0,
                0, 0, 0, 1, 1, 0, 1, 1, 1, 1, 1, 0, 0, 0, 0,
                0, 0, 0, 0, 0, 1, 1, 1, 1, 1, 1, 0, 0, 0, 0,
                0, 0, 0, 0, 1, 0, 1, 0, 1, 1, 1, 1, 0, 0, 0,
                0, 0, 0, 1, 1, 1, 1, 1, 1, 1, 1, 1, 1, 0, 0,
                0, 0, 1, 1, 1, 1, 1, 1, 1, 1, 1, 1, 1, 1, 0,
                0, 1, 1, 1, 1, 1, 1, 1, 0, 1, 1, 1, 1, 1, 1,
                0, 1, 0, 1, 1, 0, 0, 0, 0, 1, 1, 1, 1, 1, 1,
                0, 1, 1, 1, 1, 0, 0, 0, 0, 1, 1, 1, 1, 1, 1,
                0, 0, 1, 1, 1, 0, 0, 0, 0, 1, 1, 1, 1, 1, 1,
                0, 0, 0, 0, 0, 0, 0, 0, 0, 1, 1, 1, 1, 1, 1
            ]
        },
        {
            title:"Sailboat",
            hintTitle:"You are a pirate~",
            dimension:15,
            grid:
            [
            0, 0, 0, 0, 0, 0, 0, 1, 1, 0, 0, 1, 1, 0, 0,
            0, 0, 0, 0, 0, 0, 0, 1, 0, 0, 0, 1, 0, 1, 1,
            0, 0, 0, 0, 0, 1, 1, 1, 1, 1, 0, 1, 0, 0, 0,
            0, 0, 0, 0, 1, 1, 1, 1, 1, 1, 0, 1, 1, 1, 0,
            0, 0, 0, 0, 1, 1, 1, 1, 1, 1, 0, 1, 1, 1, 0,
            0, 0, 0, 0, 0, 0, 0, 1, 0, 0, 0, 1, 1, 1, 0,
            0, 0, 0, 0, 1, 1, 1, 1, 1, 1, 0, 1, 1, 1, 1,
            0, 0, 0, 1, 1, 1, 1, 1, 1, 1, 0, 1, 1, 1, 1,
            0, 0, 0, 1, 1, 1, 1, 1, 1, 1, 0, 1, 1, 1, 1,
            0, 0, 0, 1, 1, 1, 1, 1, 1, 1, 0, 1, 1, 1, 1,
            0, 0, 0, 0, 0, 0, 0, 1, 0, 0, 0, 1, 0, 0, 0,
            1, 1, 1, 1, 1, 0, 0, 1, 0, 0, 0, 1, 0, 1, 1,
            0, 0, 0, 1, 1, 1, 1, 1, 1, 1, 1, 1, 1, 1, 1,
            0, 0, 0, 0, 1, 1, 1, 1, 1, 1, 1, 1, 1, 1, 0,
            0, 0, 0, 0, 0, 1, 1, 1, 1, 1, 1, 1, 1, 0, 0
            ]
        },
        {
            title:"Duck",
            hintTitle:"Hugly, according to Andersen",
            dimension: 15,
            grid:
            [
                0, 0, 0, 0, 0, 0, 0, 0, 0, 1, 1, 1, 0, 0, 0,
                0, 0, 0, 0, 0, 0, 0, 0, 1, 1, 1, 1, 1, 0, 0,
                0, 0, 0, 0, 0, 0, 0, 1, 1, 1, 1, 0, 1, 1, 1,
                0, 0, 0, 0, 0, 0, 0, 1, 1, 1, 1, 1, 1, 1, 0,
                0, 0, 0, 0, 0, 0, 0, 0, 1, 1, 1, 1, 1, 0, 0,
                0, 0, 0, 0, 0, 0, 0, 0, 0, 1, 1, 1, 0, 0, 0,
                0, 0, 0, 0, 0, 0, 0, 0, 1, 1, 1, 1, 1, 0, 0,
                1, 0, 0, 0, 0, 0, 1, 1, 1, 1, 1, 1, 1, 1, 0,
                1, 1, 1, 0, 0, 1, 1, 1, 0, 0, 0, 1, 1, 1, 0,
                1, 1, 1, 1, 1, 1, 1, 0, 1, 1, 1, 0, 1, 1, 0,
                0, 1, 1, 1, 1, 1, 0, 1, 1, 1, 1, 0, 1, 1, 0,
                0, 1, 1, 1, 1, 1, 1, 1, 1, 0, 0, 1, 1, 0, 0,
                0, 0, 1, 1, 1, 1, 1, 1, 1, 1, 1, 1, 0, 0, 0,
                0, 0, 0, 0, 1, 1, 0, 1, 1, 1, 0, 0, 0, 0, 0,
                0, 0, 0, 0, 0, 0, 1, 1, 1, 1, 1, 1, 0, 0, 0
            ]
        },
        {
            title:"Seal",
            hintTitle:"Often hunted for its fur",
            dimension:15,
            grid:
            [
                0, 0, 0, 1, 1, 1, 1, 0, 0, 0, 0, 0, 0, 0, 0,
                0, 0, 1, 0, 0, 0, 0, 1, 0, 0, 0, 0, 0, 0, 0,
                0, 1, 1, 0, 0, 1, 0, 0, 1, 0, 0, 0, 0, 0, 0,
                0, 1, 1, 0, 0, 0, 0, 0, 1, 0, 0, 0, 0, 0, 0,
                0, 1, 0, 1, 1, 0, 0, 0, 1, 1, 0, 0, 0, 0, 0,
                0, 0, 1, 0, 0, 0, 0, 0, 0, 1, 1, 0, 0, 0, 0,
                0, 0, 1, 0, 0, 0, 0, 0, 0, 0, 1, 1, 0, 0, 0,
                0, 0, 1, 0, 0, 0, 0, 0, 0, 0, 0, 1, 0, 0, 0,
                0, 1, 0, 0, 0, 0, 0, 0, 0, 0, 0, 1, 1, 0, 0,
                0, 1, 0, 0, 0, 0, 0, 0, 0, 0, 0, 0, 1, 0, 0,
                0, 1, 0, 0, 0, 0, 0, 0, 0, 0, 0, 0, 1, 1, 1,
                0, 1, 0, 0, 0, 0, 1, 0, 0, 0, 1, 0, 1, 0, 1,
                0, 1, 1, 0, 0, 0, 1, 0, 0, 0, 1, 1, 1, 1, 1,
                1, 0, 1, 1, 1, 1, 1, 1, 0, 0, 0, 1, 1, 1, 0,
                1, 1, 1, 1, 0, 0, 0, 1, 1, 1, 1, 1, 0, 0, 0
            ]
        },
        {
            title: "Squirrel",
            hintTitle: "Hiding his nuts",
            dimension: 15,
            grid:
            [
                0, 0, 0, 0, 0, 0, 1, 0, 0, 0, 1, 1, 1, 1, 0,
                0, 0, 1, 1, 1, 1, 1, 0, 0, 1, 1, 0, 0, 1, 1,
                0, 1, 1, 1, 1, 1, 0, 0, 1, 1, 1, 0, 1, 1, 1,
                1, 1, 1, 0, 1, 1, 0, 0, 1, 1, 0, 0, 1, 0, 1,
                1, 1, 1, 1, 1, 1, 0, 0, 1, 1, 0, 1, 0, 1, 1,
                0, 1, 1, 1, 1, 1, 1, 0, 1, 1, 1, 0, 1, 1, 1,
                0, 0, 0, 1, 1, 1, 1, 0, 1, 1, 1, 0, 1, 1, 1,
                0, 0, 1, 1, 0, 1, 1, 1, 1, 1, 1, 1, 1, 0, 1,
                0, 1, 1, 0, 1, 1, 1, 1, 1, 1, 1, 1, 1, 0, 1,
                0, 0, 0, 1, 1, 1, 1, 1, 1, 1, 1, 1, 0, 1, 0,
                0, 0, 1, 1, 1, 1, 1, 1, 1, 1, 1, 1, 0, 1, 0,
                0, 0, 1, 1, 1, 1, 1, 1, 1, 1, 1, 0, 1, 0, 0,
                0, 0, 0, 1, 0, 1, 1, 1, 1, 0, 0, 1, 0, 0, 0,
                0, 0, 0, 0, 1, 0, 1, 1, 1, 1, 1, 0, 0, 0, 0,
                0, 0, 0, 1, 1, 1, 1, 1, 1, 0, 0, 0, 0, 0, 0
            ]
        },
        {
            title: "Panda",
            hintTitle: "Stained",
            dimension: 15,
            grid:
            [
                1, 1, 1, 0, 0, 1, 1, 1, 1, 1, 1, 1, 1, 1, 1,
                1, 0, 1, 1, 1, 1, 0, 0, 0, 0, 1, 1, 1, 0, 1,
                1, 0, 1, 1, 0, 0, 0, 0, 0, 0, 0, 0, 1, 1, 1,
                1, 1, 1, 0, 0, 0, 1, 0, 0, 1, 0, 0, 0, 1, 0,
                0, 1, 1, 0, 0, 1, 1, 0, 0, 1, 1, 0, 0, 1, 0,
                0, 1, 1, 0, 1, 0, 1, 0, 0, 1, 0, 1, 0, 1, 1,
                0, 1, 0, 0, 1, 1, 1, 0, 0, 1, 1, 1, 0, 0, 1,
                0, 1, 0, 0, 1, 1, 0, 0, 0, 0, 1, 1, 0, 0, 1,
                0, 1, 1, 0, 0, 0, 0, 0, 0, 0, 0, 0, 0, 1, 1,
                1, 1, 1, 0, 0, 0, 0, 1, 1, 0, 0, 0, 0, 1, 0,
                1, 1, 1, 1, 0, 1, 0, 1, 1, 0, 1, 0, 1, 1, 1,
                1, 1, 0, 1, 1, 0, 1, 1, 1, 1, 0, 1, 1, 0, 1,
                1, 1, 0, 0, 1, 1, 0, 0, 0, 0, 1, 1, 0, 0, 1,
                1, 1, 1, 0, 0, 1, 1, 1, 1, 1, 1, 0, 0, 0, 1,
                1, 1, 1, 1, 0, 0, 0, 0, 0, 0, 0, 0, 1, 1, 1
            ]
        },
        {
            title: "Tap",
            hintTitle: "In the middle of the night",
            dimension: 12,
            grid:
                [
                    0, 0, 0, 1, 1, 1, 1, 1, 1, 1, 1, 1,
                    0, 0, 1, 0, 0, 0, 0, 0, 0, 0, 0, 0,
                    0, 1, 0, 0, 0, 1, 1, 1, 1, 1, 1, 1,
                    0, 1, 0, 0, 1, 0, 0, 0, 0, 0, 0, 0,
                    1, 1, 0, 0, 1, 1, 0, 0, 0, 0, 0, 0,
                    1, 0, 0, 0, 0, 1, 0, 0, 0, 0, 0, 0,
                    1, 0, 0, 0, 0, 1, 0, 0, 0, 0, 0, 0,
                    1, 1, 1, 1, 1, 1, 0, 0, 0, 0, 0, 0,
                    0, 0, 0, 0, 0, 0, 0, 0, 0, 0, 0, 0,
                    0, 0, 0, 1, 0, 0, 0, 0, 0, 0, 0, 0,
                    0, 0, 0, 0, 0, 0, 0, 0, 0, 0, 0, 0,
                    0, 0, 0, 1, 0, 0, 0, 0, 0, 0, 0, 0
                ]
        },
    ]
var hard =
    [
        {
            title:"Spiny",
            hintTitle:"You're first? Fear him...",
            dimension:15,
            grid:
                [
                0, 0, 0, 0, 0, 0, 0, 0, 0, 0, 0, 0, 0, 0, 0,
                0, 0, 0, 0, 0, 0, 0, 0, 1, 0, 0, 0, 0, 0, 0,
                0, 0, 0, 0, 0, 0, 0, 1, 0, 1, 0, 0, 0, 0, 0,
                0, 0, 1, 0, 0, 0, 0, 1, 0, 1, 0, 0, 0, 0, 1,
                0, 0, 1, 1, 0, 0, 1, 0, 0, 0, 1, 0, 0, 1, 1,
                0, 0, 1, 0, 1, 0, 1, 0, 0, 0, 1, 0, 1, 0, 1,
                0, 0, 1, 0, 0, 1, 1, 1, 1, 1, 1, 1, 0, 0, 1,
                0, 0, 1, 0, 1, 1, 1, 1, 1, 1, 1, 1, 0, 0, 1,
                0, 1, 1, 1, 1, 1, 1, 0, 0, 0, 1, 1, 1, 0, 1,
                1, 0, 0, 1, 1, 1, 1, 0, 0, 0, 1, 1, 1, 1, 0,
                0, 1, 1, 0, 1, 1, 1, 0, 0, 0, 1, 1, 1, 1, 1,
                1, 0, 1, 1, 0, 1, 1, 1, 1, 1, 1, 1, 0, 0, 0,
                1, 1, 1, 1, 1, 0, 0, 1, 1, 1, 0, 0, 1, 1, 1,
                0, 0, 0, 1, 1, 1, 1, 0, 0, 0, 1, 1, 1, 1, 0,
                0, 0, 0, 0, 1, 1, 1, 1, 1, 1, 1, 1, 1, 0, 0
                ]
        },
        {
            title: "Puppy",
            hintTitle: "Smallest men's best friend",
            dimension: 15,
            grid:
                [
                0, 0, 0, 1, 1, 1, 1, 1, 1, 1, 1, 1, 0, 0, 0,
                0, 1, 1, 1, 0, 0, 0, 0, 0, 0, 1, 1, 1, 1, 0,
                1, 1, 0, 0, 0, 0, 0, 0, 0, 0, 1, 1, 1, 1, 1,
                1, 0, 0, 0, 0, 0, 0, 0, 0, 0, 1, 1, 1, 1, 1,
                1, 0, 0, 1, 0, 0, 1, 0, 0, 0, 1, 0, 1, 1, 1,
                1, 0, 0, 1, 0, 0, 0, 0, 0, 0, 1, 1, 1, 1, 1,
                1, 1, 1, 1, 0, 0, 0, 1, 1, 1, 0, 0, 1, 1, 1,
                0, 0, 1, 0, 0, 0, 0, 1, 1, 1, 0, 0, 0, 1, 1,
                0, 0, 1, 0, 0, 0, 0, 0, 1, 0, 0, 0, 1, 1, 0,
                0, 1, 1, 1, 1, 1, 1, 1, 1, 1, 1, 1, 1, 0, 0,
                1, 1, 0, 0, 1, 1, 1, 1, 0, 1, 1, 1, 1, 0, 0,
                1, 0, 1, 0, 0, 0, 0, 1, 1, 1, 0, 0, 1, 1, 0,
                1, 0, 1, 1, 0, 0, 1, 0, 0, 0, 1, 0, 0, 1, 0,
                1, 1, 1, 1, 0, 0, 1, 1, 1, 1, 1, 0, 0, 1, 0,
                0, 0, 0, 1, 1, 1, 1, 0, 0, 0, 1, 1, 1, 1, 0
                ]
        },
        {
            title: "Bunny",
            hintTitle: "Return of the latecomer",
            dimension: 12,
            grid:
                [
                    0, 0, 0, 0, 0, 0, 0, 1, 0, 1, 0, 0,
                    0, 0, 0, 0, 0, 0, 1, 0, 1, 0, 1, 0,
                    0, 0, 0, 0, 0, 0, 1, 0, 1, 0, 1, 0,
                    0, 0, 0, 0, 0, 0, 1, 0, 1, 1, 1, 0,
                    0, 0, 0, 0, 0, 1, 1, 0, 0, 0, 0, 1,
                    0, 0, 1, 1, 1, 1, 1, 1, 0, 1, 0, 1,
                    0, 0, 1, 0, 0, 0, 0, 1, 0, 0, 0, 1,
                    0, 1, 1, 0, 0, 0, 0, 1, 1, 1, 1, 1,
                    0, 1, 0, 0, 1, 1, 0, 0, 0, 1, 1, 0,
                    1, 1, 0, 0, 0, 1, 0, 1, 0, 1, 0, 0,
                    1, 1, 1, 0, 0, 1, 0, 1, 0, 1, 0, 0,
                    0, 0, 1, 1, 1, 1, 1, 1, 1, 1, 0, 0
                ]
        },
        {
            title: "Stroller",
            hintTitle: "Legs of the youngest",
            dimension: 20,
            grid:
            [
            1, 1, 1, 0, 0, 0, 0, 0, 0, 0, 0, 0, 0, 0, 0, 0, 0, 1, 1, 1,
            1, 1, 1, 0, 0, 0, 0, 0, 0, 0, 0, 0, 0, 0, 0, 0, 1, 1, 1, 1,
            1, 1, 0, 0, 0, 0, 0, 0, 0, 0, 0, 0, 0, 0, 0, 0, 0, 1, 1, 1,
            0, 0, 0, 0, 0, 0, 0, 0, 0, 0, 0, 0, 0, 0, 0, 0, 0, 0, 1, 1,
            0, 0, 0, 0, 0, 0, 0, 0, 0, 0, 0, 0, 0, 0, 0, 0, 0, 0, 1, 1,
            0, 0, 1, 1, 1, 1, 0, 0, 0, 0, 0, 0, 0, 0, 0, 0, 0, 1, 1, 1,
            0, 1, 1, 1, 1, 1, 1, 0, 0, 0, 0, 0, 0, 1, 1, 1, 1, 1, 1, 1,
            1, 1, 1, 1, 1, 1, 0, 0, 0, 0, 0, 0, 1, 1, 1, 1, 0, 1, 1, 1,
            1, 1, 1, 1, 1, 1, 0, 0, 0, 0, 0, 1, 0, 0, 1, 0, 0, 1, 1, 1,
            1, 1, 1, 1, 1, 1, 0, 0, 0, 0, 1, 0, 0, 1, 0, 0, 0, 1, 1, 1,
            1, 1, 1, 1, 1, 1, 1, 1, 1, 1, 1, 1, 1, 0, 0, 0, 0, 1, 1, 1,
            1, 1, 1, 1, 1, 0, 1, 1, 0, 1, 1, 1, 1, 1, 0, 0, 1, 1, 1, 1,
            0, 1, 1, 1, 1, 0, 1, 1, 0, 1, 1, 1, 1, 1, 0, 0, 1, 1, 1, 1,
            0, 1, 1, 1, 1, 1, 0, 0, 1, 1, 1, 1, 1, 0, 0, 1, 1, 1, 1, 1,
            0, 0, 1, 1, 1, 1, 1, 1, 1, 1, 1, 1, 0, 0, 0, 1, 1, 1, 1, 1,
            0, 0, 0, 0, 1, 1, 1, 1, 1, 1, 0, 0, 0, 0, 0, 0, 0, 0, 1, 1,
            0, 0, 1, 1, 1, 1, 1, 1, 1, 1, 1, 1, 1, 0, 0, 0, 0, 0, 1, 1,
            0, 1, 1, 1, 1, 0, 0, 0, 0, 0, 1, 1, 1, 1, 0, 0, 0, 0, 1, 1,
            0, 1, 1, 1, 1, 0, 0, 0, 0, 0, 1, 1, 1, 1, 0, 0, 0, 0, 1, 1,
            0, 0, 1, 1, 0, 0, 0, 0, 0, 0, 0, 1, 1, 0, 0, 0, 0, 1, 1, 1
            ]
        },
        {
            title: "The thinker",
            hintTitle: "What to do...?",
            dimension: 15,
            grid:
            [
                0, 0, 0, 0, 0, 1, 1, 1, 0, 0, 0, 0, 0, 0, 0,
                0, 0, 0, 0, 1, 0, 0, 0, 1, 0, 0, 0, 0, 0, 0,
                0, 0, 0, 0, 1, 0, 0, 0, 1, 1, 1, 0, 0, 0, 0,
                0, 0, 0, 0, 1, 0, 0, 0, 1, 0, 0, 1, 0, 0, 0,
                0, 0, 0, 0, 1, 1, 1, 1, 0, 0, 0, 0, 1, 0, 0,
                0, 0, 0, 0, 1, 0, 1, 0, 0, 1, 0, 0, 1, 0, 0,
                0, 0, 0, 0, 1, 1, 0, 0, 1, 1, 0, 0, 1, 0, 0,
                0, 0, 0, 0, 0, 1, 1, 1, 1, 1, 0, 0, 1, 0, 0,
                0, 0, 0, 0, 1, 0, 0, 0, 0, 0, 0, 0, 1, 0, 0,
                0, 0, 0, 0, 1, 0, 1, 1, 1, 1, 1, 1, 1, 1, 1,
                0, 0, 0, 0, 1, 0, 1, 0, 1, 0, 0, 0, 0, 0, 0,
                0, 0, 0, 0, 1, 0, 1, 0, 1, 1, 0, 0, 0, 0, 0,
                0, 1, 1, 1, 1, 0, 1, 0, 0, 1, 1, 0, 0, 0, 0,
                1, 1, 1, 1, 0, 0, 1, 0, 0, 0, 1, 1, 0, 0, 0,
                1, 1, 1, 1, 1, 1, 0, 0, 0, 0, 0, 1, 0, 0, 0
            ]
        },
        {
            title:"Nuclear mushroom",
            hintTitle: "It's very radioactive!",
            dimension: 15,
            grid:
            [
                1, 1, 1, 1, 1, 0, 0, 0, 0, 0, 1, 1, 1, 1, 1,
                1, 1, 1, 1, 0, 0, 0, 0, 0, 0, 0, 1, 1, 1, 1,
                1, 1, 0, 0, 0, 1, 1, 0, 0, 0, 0, 0, 0, 1, 1,
                1, 0, 0, 1, 1, 0, 0, 0, 0, 0, 0, 0, 0, 0, 1,
                0, 1, 0, 0, 0, 0, 0, 0, 0, 0, 0, 1, 0, 1, 0,
                1, 0, 1, 0, 0, 1, 1, 0, 0, 1, 1, 0, 1, 0, 1,
                1, 1, 1, 1, 1, 0, 0, 1, 1, 0, 0, 0, 0, 1, 1,
                1, 1, 1, 0, 0, 1, 1, 0, 0, 0, 1, 1, 1, 1, 1,
                1, 1, 1, 1, 1, 1, 0, 1, 0, 1, 1, 1, 1, 1, 1,
                1, 1, 1, 1, 1, 1, 0, 1, 0, 1, 1, 1, 1, 1, 1,
                1, 1, 1, 1, 1, 1, 0, 1, 0, 1, 1, 1, 1, 1, 0,
                0, 1, 1, 1, 1, 1, 0, 1, 0, 1, 1, 0, 1, 1, 1,
                1, 1, 0, 1, 1, 0, 1, 0, 1, 0, 1, 1, 1, 0, 1,
                0, 1, 1, 0, 0, 1, 0, 0, 1, 0, 0, 0, 1, 1, 0,
                1, 0, 0, 1, 1, 0, 0, 0, 0, 1, 1, 0, 0, 0, 1
            ]
        },
        {
            title: "Flower",
            hintTitle: "Smells good",
            dimension: 15,
            grid:
            [
                1, 0, 0, 0, 0, 0, 0, 0, 0, 1, 0, 0, 0, 1, 1,
                1, 1, 1, 1, 0, 0, 0, 0, 0, 1, 1, 0, 1, 1, 1,
                1, 0, 1, 1, 0, 1, 1, 1, 0, 1, 1, 1, 1, 1, 1,
                1, 1, 0, 1, 1, 0, 0, 1, 1, 1, 0, 1, 1, 1, 1,
                0, 1, 1, 1, 1, 0, 0, 0, 1, 0, 0, 0, 1, 1, 0,
                0, 0, 1, 1, 1, 1, 0, 1, 0, 0, 1, 0, 1, 0, 0,
                0, 0, 0, 1, 0, 0, 1, 1, 1, 1, 0, 1, 1, 1, 0,
                0, 0, 1, 0, 0, 1, 1, 0, 1, 1, 0, 0, 0, 1, 0,
                0, 0, 1, 1, 0, 0, 1, 1, 1, 0, 1, 0, 0, 1, 0,
                0, 0, 0, 1, 1, 1, 0, 1, 0, 1, 0, 0, 1, 0, 0,
                1, 0, 0, 0, 1, 0, 0, 0, 0, 1, 1, 1, 0, 0, 0,
                1, 1, 1, 0, 1, 0, 0, 0, 1, 1, 0, 0, 0, 0, 0,
                1, 1, 1, 1, 0, 1, 1, 1, 1, 0, 1, 1, 1, 1, 0,
                0, 1, 1, 1, 1, 0, 0, 1, 1, 1, 1, 0, 1, 1, 1,
                0, 0, 0, 0, 1, 1, 1, 1, 1, 0, 0, 0, 0, 1, 1
            ]
        },
        {
            title: "Deer",
            hintTitle: "Majestic",
            dimension: 20,
            grid:
            [
                1, 0, 0, 1, 0, 0, 0, 0, 1, 0, 0, 0, 0, 0, 1, 0, 0, 0, 0, 0,
                1, 0, 0, 1, 0, 0, 0, 0, 1, 0, 0, 0, 1, 0, 1, 0, 0, 0, 0, 0,
                1, 1, 0, 1, 0, 0, 0, 1, 1, 0, 0, 0, 1, 1, 1, 0, 0, 0, 0, 0,
                0, 1, 1, 1, 1, 1, 0, 1, 0, 0, 0, 0, 0, 1, 1, 0, 0, 0, 0, 0,
                0, 0, 0, 0, 0, 1, 1, 1, 0, 0, 0, 0, 1, 1, 0, 0, 0, 0, 0, 0,
                0, 0, 0, 1, 1, 1, 1, 1, 1, 0, 0, 1, 1, 1, 1, 1, 0, 0, 0, 0,
                0, 0, 0, 1, 0, 0, 1, 1, 1, 1, 1, 1, 1, 1, 0, 1, 0, 0, 0, 0,
                0, 0, 0, 1, 1, 0, 0, 1, 0, 0, 0, 1, 1, 1, 0, 1, 0, 0, 0, 0,
                0, 0, 0, 0, 1, 1, 1, 0, 1, 1, 0, 0, 1, 1, 1, 0, 0, 0, 0, 0,
                0, 0, 0, 0, 0, 1, 1, 0, 0, 1, 0, 0, 0, 1, 0, 0, 0, 0, 0, 0,
                0, 0, 0, 0, 0, 0, 1, 1, 0, 0, 0, 0, 0, 0, 1, 0, 0, 0, 0, 0,
                0, 0, 0, 0, 0, 0, 1, 0, 1, 1, 0, 0, 1, 1, 1, 0, 0, 0, 0, 0,
                0, 1, 0, 0, 0, 1, 1, 1, 1, 1, 0, 0, 0, 1, 0, 0, 0, 0, 0, 0,
                0, 1, 0, 0, 0, 1, 0, 1, 1, 1, 1, 1, 1, 0, 0, 0, 0, 0, 0, 0,
                1, 1, 0, 1, 0, 1, 0, 1, 1, 1, 1, 1, 1, 0, 0, 0, 0, 0, 0, 0,
                1, 1, 1, 1, 0, 1, 0, 1, 1, 1, 1, 1, 0, 1, 0, 0, 0, 0, 0, 0,
                1, 1, 1, 1, 0, 1, 0, 1, 1, 1, 1, 1, 0, 1, 1, 1, 1, 0, 0, 0,
                1, 1, 1, 1, 1, 1, 1, 0, 1, 1, 1, 0, 1, 1, 0, 1, 1, 1, 1, 1,
                1, 1, 1, 1, 1, 1, 1, 0, 0, 1, 1, 0, 1, 1, 1, 1, 0, 1, 1, 1,
                1, 1, 1, 1, 1, 1, 1, 1, 0, 0, 1, 1, 1, 0, 1, 1, 1, 1, 0, 1
            ]
        },
        {
            title:"Cow",
            hintTitle:"Mow",
            dimension:19,
            grid:
            [
                0, 1, 1, 1, 1, 0, 0, 0, 0, 0, 0, 0, 0, 0, 1, 1, 1, 1, 0,
                1, 1, 0, 1, 0, 0, 0, 0, 0, 0, 0, 0, 0, 0, 0, 1, 0, 1, 1,
                1, 0, 0, 1, 1, 0, 1, 1, 1, 1, 1, 1, 1, 0, 1, 1, 0, 0, 1,
                1, 1, 0, 0, 1, 1, 1, 0, 0, 0, 0, 0, 1, 1, 1, 0, 0, 1, 1,
                0, 1, 1, 0, 1, 1, 0, 0, 0, 0, 0, 0, 0, 0, 1, 0, 1, 1, 0,
                0, 0, 1, 1, 1, 0, 0, 0, 0, 0, 0, 0, 0, 0, 1, 1, 1, 0, 0,
                1, 1, 1, 1, 1, 0, 1, 1, 0, 0, 0, 1, 1, 0, 1, 1, 1, 1, 1,
                0, 1, 1, 0, 1, 1, 0, 0, 1, 0, 1, 0, 0, 1, 1, 0, 1, 1, 0,
                0, 0, 1, 1, 1, 1, 0, 1, 1, 0, 1, 0, 1, 1, 1, 1, 1, 0, 0,
                0, 0, 0, 0, 1, 1, 0, 0, 1, 0, 1, 0, 0, 1, 1, 0, 1, 1, 1,
                0, 0, 0, 0, 1, 0, 1, 1, 0, 0, 0, 1, 1, 0, 1, 0, 1, 1, 1,
                0, 0, 0, 1, 1, 0, 0, 0, 0, 0, 0, 0, 0, 0, 1, 1, 0, 1, 1,
                0, 0, 0, 1, 0, 0, 0, 0, 0, 0, 0, 0, 0, 0, 0, 1, 0, 1, 1,
                0, 0, 0, 1, 0, 0, 1, 1, 1, 0, 1, 1, 1, 0, 0, 1, 0, 1, 1,
                0, 0, 0, 1, 0, 1, 0, 0, 1, 0, 1, 0, 0, 1, 0, 1, 0, 1, 1,
                0, 0, 0, 1, 1, 1, 0, 0, 1, 0, 1, 0, 0, 1, 1, 0, 1, 1, 1,
                0, 0, 0, 0, 1, 1, 1, 1, 1, 1, 1, 1, 1, 1, 0, 1, 1, 1, 1,
                0, 0, 0, 0, 0, 1, 0, 0, 0, 0, 0, 0, 0, 0, 1, 1, 1, 1, 1,
                0, 0, 0, 0, 0, 1, 1, 1, 1, 1, 1, 1, 1, 1, 1, 1, 1, 1, 1
            ]
        },
        {
            title: "Yoshi",
            hintTitle:"Well-known little dragon",
            dimension: 10,
            grid:
            [
                0, 0, 1, 1, 0, 1, 1, 0, 0, 0,
                0, 1, 0, 0, 1, 0, 0, 1, 0, 0,
                0, 1, 0, 1, 1, 0, 1, 1, 0, 0,
                1, 1, 1, 0, 1, 1, 0, 1, 1, 0,
                1, 0, 0, 0, 0, 0, 0, 0, 1, 1,
                0, 1, 0, 1, 0, 0, 0, 0, 0, 1,
                0, 0, 0, 0, 0, 0, 1, 0, 0, 1,
                0, 0, 0, 0, 0, 0, 1, 1, 0, 1,
                1, 0, 0, 0, 1, 1, 0, 0, 1, 1,
                1, 1, 1, 1, 1, 0, 0, 1, 1, 0
            ]
        }
    ]
var expert =
    [
        {
            title:"Kitty",
            hintTitle: "King of the Net",
            dimension: 20,
            grid:
                [
                0, 0, 0, 0, 1, 1, 0, 0, 0, 0, 0, 0, 0, 0, 0, 0, 0, 0, 0, 0,
                0, 0, 0, 0, 0, 1, 1, 0, 0, 0, 0, 0, 0, 0, 0, 0, 0, 0, 0, 0,
                0, 0, 0, 1, 1, 1, 1, 0, 0, 1, 1, 0, 0, 0, 0, 0, 1, 1, 0, 0,
                0, 0, 1, 1, 1, 1, 0, 0, 0, 1, 0, 1, 0, 0, 0, 1, 0, 1, 0, 0,
                0, 0, 1, 1, 0, 0, 0, 0, 0, 1, 0, 0, 1, 1, 1, 0, 0, 1, 0, 0,
                0, 0, 1, 1, 0, 0, 0, 0, 0, 1, 0, 1, 1, 1, 1, 1, 0, 1, 0, 0,
                0, 0, 1, 0, 1, 1, 1, 0, 0, 1, 1, 1, 0, 0, 0, 0, 1, 1, 0, 0,
                0, 1, 1, 1, 1, 1, 1, 1, 1, 1, 1, 0, 0, 0, 0, 0, 0, 1, 0, 0,
                1, 1, 1, 1, 1, 1, 1, 1, 0, 1, 1, 0, 1, 0, 0, 1, 0, 1, 0, 0,
                1, 1, 1, 1, 1, 1, 1, 1, 0, 1, 0, 0, 0, 0, 0, 0, 0, 1, 0, 0,
                1, 1, 1, 1, 1, 1, 1, 1, 1, 0, 1, 0, 0, 0, 1, 0, 1, 0, 0, 0,
                1, 1, 1, 0, 1, 1, 1, 1, 1, 1, 1, 1, 0, 1, 0, 1, 0, 0, 0, 0,
                1, 1, 0, 1, 1, 1, 1, 1, 1, 1, 1, 1, 1, 1, 1, 0, 0, 0, 0, 0,
                1, 1, 1, 0, 1, 1, 0, 1, 1, 1, 1, 0, 1, 1, 1, 0, 0, 0, 0, 0,
                0, 1, 1, 1, 0, 1, 1, 0, 1, 1, 1, 1, 0, 1, 1, 1, 0, 0, 0, 0,
                0, 1, 1, 1, 0, 0, 0, 0, 0, 1, 1, 1, 1, 0, 1, 1, 0, 0, 0, 0,
                0, 0, 0, 0, 0, 0, 0, 0, 0, 0, 1, 1, 1, 0, 0, 0, 0, 1, 1, 0,
                0, 0, 0, 0, 0, 0, 0, 0, 0, 0, 0, 0, 0, 0, 0, 0, 1, 0, 1, 1,
                0, 0, 0, 0, 0, 0, 1, 0, 0, 1, 1, 1, 0, 0, 0, 0, 1, 1, 1, 1,
                0, 0, 0, 0, 0, 0, 0, 1, 1, 0, 0, 0, 1, 1, 1, 1, 0, 1, 1, 0
                ]
        },
        {
            title: "Scorpion",
            hintTitle: "Beware, he can sting!",
            dimension: 20,
            grid:
            [
                0, 0, 0, 0, 0, 0, 0, 0, 0, 0, 0, 1, 1, 1, 1, 1, 1, 0, 0, 0,
                0, 0, 0, 0, 0, 0, 0, 0, 0, 0, 1, 0, 1, 1, 1, 1, 1, 1, 0, 0,
                0, 0, 0, 0, 0, 0, 0, 0, 0, 0, 1, 0, 1, 1, 0, 1, 0, 0, 1, 0,
                0, 0, 0, 0, 0, 0, 0, 0, 0, 0, 0, 1, 0, 1, 0, 0, 1, 1, 1, 0,
                0, 0, 0, 0, 0, 0, 0, 0, 0, 0, 0, 1, 1, 1, 0, 0, 1, 1, 1, 0,
                0, 0, 0, 0, 0, 0, 0, 0, 0, 0, 0, 1, 1, 0, 0, 1, 0, 0, 1, 0,
                0, 0, 1, 1, 1, 1, 0, 0, 0, 0, 1, 1, 0, 0, 1, 1, 1, 1, 1, 0,
                0, 1, 1, 0, 1, 1, 1, 0, 0, 0, 0, 0, 0, 1, 1, 0, 1, 1, 1, 0,
                1, 1, 0, 0, 0, 1, 1, 1, 1, 1, 1, 1, 1, 1, 1, 1, 0, 1, 0, 0,
                1, 0, 0, 1, 0, 1, 1, 1, 1, 0, 0, 0, 1, 1, 0, 1, 1, 1, 0, 0,
                1, 0, 1, 0, 1, 1, 1, 1, 0, 0, 0, 0, 0, 1, 1, 1, 1, 0, 0, 0,
                1, 0, 1, 0, 1, 0, 1, 0, 1, 1, 0, 0, 1, 1, 1, 1, 1, 1, 1, 0,
                0, 1, 1, 1, 0, 0, 1, 1, 1, 0, 1, 1, 1, 1, 1, 1, 0, 0, 1, 0,
                0, 0, 0, 0, 0, 0, 0, 1, 1, 1, 0, 0, 0, 1, 1, 1, 1, 0, 1, 0,
                0, 0, 0, 0, 0, 0, 0, 0, 0, 1, 1, 1, 0, 0, 1, 0, 1, 0, 1, 1,
                0, 0, 0, 0, 0, 0, 0, 0, 1, 0, 0, 0, 1, 0, 1, 0, 1, 0, 0, 0,
                0, 0, 0, 0, 0, 0, 0, 1, 0, 1, 1, 0, 0, 1, 1, 0, 1, 1, 0, 0,
                0, 0, 0, 0, 0, 0, 0, 1, 1, 1, 0, 0, 1, 1, 1, 0, 0, 0, 0, 0,
                0, 0, 0, 0, 0, 0, 0, 1, 0, 0, 0, 1, 1, 0, 1, 1, 0, 0, 0, 0,
                0, 0, 0, 0, 0, 0, 0, 0, 1, 1, 1, 1, 0, 0, 0, 0, 0, 0, 0, 0
            ]
        }
    ]


var levels = [
        {
            name: "Tutorial",
            list: tutorial
        },
        {
            name: "Easy",
            list: easy
        },
        {
            name: "Medium",
            list: medium
        },
        {
            name: "Hard",
            list: hard
        },
        {
            name: "Expert",
            list: expert
        }
    ]

function getDifficultiesAndLevels(list){
    list.clear()
    for(var i=0; i<levels.length; i++)
        list.append(levels[i])
}
function arrayToList(number, list){
    list.clear()
    var array=levels[number].list
    for(var i=0; i<array.length; i++)
        list.append({title:array[i].title, hintTitle:array[i].hintTitle, dimension:array[i].dimension, grid:array[i].grid})
}
function getTitle(diffSelected, levelSelected){
    var grid=levels[diffSelected].list[levelSelected]
    return grid.title
}
function getHintTitle(diffSelected, levelSelected){
    var grid=levels[diffSelected].list[levelSelected]
    return grid.hintTitle
}
function getDimension(diffSelected, levelSelected){
    var grid=levels[diffSelected].list[levelSelected]
    return grid.dimension
}
function getGrid(diffSelected, levelSelected){
    var gridTmp = Qt.createQmlObject('import QtQuick 2.2; \
                    ListModel {}', parent)
    var grid=levels[diffSelected].list[levelSelected]
    for(var i=0; i<grid.grid.length; i++){
        if(grid.grid[i]===1)
            game.nbSolvedFullCell++
        gridTmp.append({"myEstate":grid.grid[i]===1?"full":"void"})
    }
    return gridTmp
}

function getNbLevel(diff){
    var grid=levels[diff]
    return grid.list.length
}

function initSolvedGrid(solvedGrid, diffSelected, levelSelected){
    solvedGrid.clear()
    var grid=levels[diffSelected].list[levelSelected]
    game.dimension=grid.dimension
    game.title=grid.title
    game.hintTitle=grid.hintTitle
    game.nbSolvedFullCell=0
    for(var i=0; i<grid.grid.length; i++){
        if(grid.grid[i]===1)
            game.nbSolvedFullCell++
        solvedGrid.append({"myEstate":grid.grid[i]===1?"full":"void"})
    }
}

